10
16
1 6
2 6
5 6
3 6
2 5
3 5
5 5
3 4
3 7
6 4
6 5
6 6
7 5
8 5
8 4
9 6
13
8 4
6 5
1 6
3 6
6 6
7 5
8 5
9 6
6 4
2 6
5 6
3 7
2 5
13
8 4
9 6
1 6
2 6
5 6
3 6
6 6
7 5
8 5
3 7
6 4
6 5
2 5
16
8 4
1 6
2 6
9 6
3 5
5 5
8 5
3 7
6 4
6 5
2 5
5 6
3 6
6 6
7 5
3 4
3
0 0
0 1
1 0
6
0 0
1 1
2 2
7 2
5 0
8 5
6
0 0
8 5
7 2
1 1
2 2
5 0
7
0 0
1 1
2 2
5 0
6 1
7 2
8 5
10
1 6
2 5
2 6
3 4
3 5
3 6
3 7
5 5
5 6
6 4
10
5 6
3 5
3 6
6 4
2 6
1 6
2 5
3 7
5 5
3 4